[[(0,  0, -0.10194641, 1.4169652, 0.39701727)]
 [(0,  1, -0.13146368, 1.4506904, 0.3696432 )]
 [(0,  2, -0.11155245, 1.4563508, 0.39589942)]
 [(0,  3, -0.08979002, 1.4501178, 0.41577843)]
 [(0,  4, -0.07382047, 1.4379116, 0.42900395)]
 [(0,  5, -0.06145033, 1.4303359, 0.43958384)]
 [(0,  6, -0.11016068, 1.4421537, 0.38844806)]
 [(0,  7, -0.07911962, 1.4152383, 0.41871977)]
 [(0,  8, -0.05594292, 1.4017247, 0.4276579 )]
 [(0,  9, -0.04126695, 1.3931676, 0.4333177 )]
 [(0, 10, -0.02847892, 1.3857113, 0.4382494 )]
 [(0, 11, -0.11503306, 1.4339008, 0.38422048)]
 [(0, 12, -0.08885977, 1.4000297, 0.40981412)]
 [(0, 13, -0.06863406, 1.3768128, 0.41529834)]
 [(0, 14, -0.05624738, 1.3625916, 0.41866088)]
 [(0, 15, -0.04574215, 1.3505304, 0.42151278)]
 [(0, 16, -0.12010741, 1.4291295, 0.38097224)]
 [(0, 17, -0.10117105, 1.3929752, 0.39956132)]
 [(0, 18, -0.08394599, 1.3708296, 0.40305182)]
 [(0, 19, -0.07331535, 1.3571615, 0.40520668)]
 [(0, 20, -0.06450191, 1.34583  , 0.40699327)]
 [(0, 21, -0.12592047, 1.4262602, 0.3774076 )]
 [(0, 22, -0.11368433, 1.3899183, 0.38949955)]
 [(0, 23, -0.10410312, 1.372418 , 0.39754075)]
 [(0, 24, -0.09803545, 1.3613354, 0.4026332 )]
 [(0, 25, -0.09260884, 1.3514235, 0.40718746)]
 [(1,  0,  0.32804528, 1.5131772, 0.39115846)]
 [(1,  1,  0.30541533, 1.5605679, 0.39103353)]
 [(1,  2,  0.29324082, 1.5312419, 0.40150544)]
 [(1,  3,  0.28965026, 1.5016694, 0.40599984)]
 [(1,  4,  0.29658332, 1.4786298, 0.40622064)]
 [(1,  5,  0.30279595, 1.4617865, 0.40599635)]
 [(1,  6,  0.30667707, 1.5309687, 0.3926505 )]
 [(1,  7,  0.32224783, 1.4824368, 0.3952162 )]
 [(1,  8,  0.3346576 , 1.4570366, 0.39591777)]
 [(1,  9,  0.34234813, 1.4430342, 0.40400657)]
 [(1, 10,  0.34738782, 1.4355445, 0.4167329 )]
 [(1, 11,  0.3161404 , 1.5350864, 0.39085948)]
 [(1, 12,  0.33995   , 1.4912678, 0.3914573 )]
 [(1, 13,  0.35214594, 1.4624721, 0.39195415)]
 [(1, 14,  0.35930395, 1.4481623, 0.40248853)]
 [(1, 15,  0.3633262 , 1.4423211, 0.41710597)]
 [(1, 16,  0.32229936, 1.5396678, 0.39047766)]
 [(1, 17,  0.35065705, 1.504945 , 0.38927862)]
 [(1, 18,  0.35997772, 1.4782541, 0.38909474)]
 [(1, 19,  0.36580402, 1.4644047, 0.39796722)]
 [(1, 20,  0.369423  , 1.4579902, 0.41041824)]
 [(1, 21,  0.32686707, 1.5454869, 0.39054272)]
 [(1, 22,  0.35759485, 1.519685 , 0.3879499 )]
 [(1, 23,  0.36853847, 1.5013189, 0.39032635)]
 [(1, 24,  0.37522262, 1.4907326, 0.39569515)]
 [(1, 25,  0.38036644, 1.4832246, 0.40379503)]]
